0.000000000000000000e+00
1.000000000000000000e+01
1.000000000000000000e+01
1.000000000000000000e+01
1.000000000000000000e+01
1.000000000000000000e+01
1.000000000000000000e+01
1.000000000000000000e+01
1.000000000000000000e+01
9.999953973453848732e+00
1.000016498911383955e+01
1.000049971640035551e+01
1.000049998750062485e+01
1.000049998750062485e+01
1.000049998750062485e+01
1.000049998750062308e+01
1.000049998750062308e+01
1.000049998750062485e+01
1.000049998750062485e+01
1.000049998750062308e+01
1.000049998750062308e+01
1.000049998750062485e+01
1.000049998750062485e+01
1.000049998750062485e+01
1.000049998750062485e+01
1.000049998750062663e+01
1.000049998750062485e+01
1.000049998750062663e+01
1.000049998750062663e+01
1.000049998750062485e+01
1.000049998750062485e+01
1.000049998750062663e+01
1.000049998750062485e+01
1.000049998750062485e+01
1.000049998750062308e+01
1.000049998750062485e+01
1.000049998750062663e+01
1.000049998750062663e+01
1.000049998750062663e+01
1.000049998750062485e+01
1.000049998750062485e+01
1.000049998750062485e+01
1.000049998750062485e+01
1.000049998750062485e+01
1.000049998750062485e+01
1.000049998750062485e+01
1.000049998750062485e+01
1.000049998750062308e+01
1.000049998750062485e+01
1.000049998750062663e+01
1.000049998750062485e+01
1.000049998750062485e+01
1.000049998750062485e+01
1.000049998750062485e+01
1.000049998750062485e+01
1.000049998750062308e+01
1.000049998750062485e+01
1.000049998750062485e+01
1.000049998750062485e+01
1.000049998750062485e+01
1.000049998750062663e+01
1.000049998750062663e+01
1.000049998750062485e+01
1.000049998750062485e+01
1.000049998750062485e+01
1.000049998750062485e+01
1.000049998750062308e+01
1.000049998750062485e+01
1.000049998750062485e+01
1.000049998750062485e+01
1.000049998750062485e+01
1.000049998750062485e+01
1.000049998750062485e+01
1.000049998750062663e+01
1.000049998750062841e+01
1.000049998750062841e+01
1.000049998750062485e+01
1.000049998750062485e+01
1.000049998750062663e+01
1.000049998750062663e+01
1.000049998750062663e+01
1.000049998750062663e+01
1.000049998750062663e+01
1.000049998750062841e+01
1.000049998750062485e+01
1.000049998750062663e+01
1.000049998750062663e+01
1.000049998750062841e+01
1.000049998750062841e+01
1.000048829625973212e+01
1.000017999505938171e+01
1.000000000000000000e+01
1.000000000000000000e+01
1.000000000000000000e+01
1.000000000000000000e+01
1.000000000000000000e+01
1.000000000000000000e+01
1.000000000000000000e+01
1.000000000000000000e+01
1.000000000000000000e+01
1.000000000000000000e+01
1.000000000000000000e+01
1.000000000000000000e+01
1.000000000000000000e+01
1.000000000000000000e+01
1.000000000000000000e+01
1.000000000000000000e+01
1.000000000000000000e+01
1.000000000000000000e+01
1.000000000000000000e+01
1.000000000000000000e+01
1.000000000000000000e+01
1.000000000000000000e+01
1.000000000000000000e+01
1.000000000000000000e+01
1.000000000000000000e+01
1.000000000000000000e+01
1.000000000000000000e+01
1.000000000000000000e+01
1.000000000000000000e+01
1.000000000000000000e+01
1.000000000000000000e+01
1.000000000000000000e+01
1.000000000000000000e+01
1.000000000000000000e+01
1.000000000000000000e+01
1.000000000000000000e+01
1.000000000000000000e+01
1.000000000000000000e+01
1.000000000000000000e+01
1.000000000000000000e+01
1.000000000000000000e+01
1.000000000000000000e+01
1.000000000000000000e+01
1.000000000000000000e+01
1.000000000000000000e+01
1.000000000000000000e+01
1.000000000000000000e+01
1.000000000000000000e+01
1.000000000000000000e+01
1.000000000000000000e+01
1.000000000000000000e+01
1.000000000000000000e+01
1.000000000000000000e+01
1.000000000000000000e+01
1.000000000000000000e+01
1.000000000000000000e+01
1.000000000000000000e+01
1.000000000000000000e+01
1.000000000000000000e+01
1.000000000000000000e+01
1.000000000000000000e+01
1.000000000000000000e+01
1.000000000000000000e+01
1.000000000000000000e+01
1.000000000000000000e+01
1.000000000000000000e+01
1.000000000000000000e+01
1.000000000000000000e+01
1.000000000000000000e+01
1.000000000000000000e+01
1.000000000000000000e+01
1.000000000000000000e+01
1.000000000000000000e+01
1.000000000000000000e+01
9.999945021420986180e+00
1.000021973637102235e+01
1.000024499488400131e+01
1.000024499699882341e+01
1.000024499699882341e+01
1.000024499699882341e+01
1.000024499699882341e+01
1.000024499699882341e+01
1.000024499699882341e+01
1.000024499699882341e+01
1.000024499699882341e+01
1.000024499699882341e+01
1.000024499699882341e+01
1.000024499699882519e+01
1.000024499699882696e+01
1.000024499699882341e+01
1.000024499699882696e+01
1.000024499699882519e+01
1.000024499699882519e+01
1.000024499699882519e+01
1.000024499699882696e+01
1.000024499699882341e+01
1.000024499699882519e+01
1.000024499699882519e+01
1.000024499699882696e+01
1.000024499699882519e+01
1.000024499699882519e+01
1.000024499699882519e+01
1.000024499699882519e+01
1.000024499699882696e+01
1.000024499699882696e+01
1.000024499699882519e+01
1.000024499699882519e+01
1.000024499699882519e+01
1.000024499699882519e+01
1.000024499699882341e+01
1.000024499699882519e+01
1.000024499699882519e+01
1.000024499699882341e+01
1.000024499699882696e+01
1.000024499699882519e+01
1.000024499699882519e+01
1.000024499699882519e+01
1.000024499699882519e+01
1.000024499699882519e+01
1.000024499699882696e+01
1.000024499699882519e+01
1.000024499699882341e+01
1.000024499699882519e+01
1.000024499699882519e+01
1.000024499699882519e+01
1.000024499699882519e+01
1.000024499699882341e+01
1.000024499699882519e+01
1.000024499699882519e+01
1.000024499699882519e+01
1.000024499699882519e+01
1.000024499699882519e+01
1.000024499699882519e+01
1.000024499699882341e+01
9.999766210187354787e+00
1.000354542446494399e+01
1.000449806234313144e+01
1.000449898795536896e+01
1.000449898795536896e+01
1.000449898795536896e+01
1.000449898795536896e+01
1.000449898795536896e+01
1.000449898795536896e+01
1.000449898795536896e+01
1.000449898795536896e+01
1.000449898795536896e+01
1.000449898795536896e+01
1.000449898795536896e+01
1.000449898795536896e+01
1.000449898795536896e+01
1.000449898795536896e+01
1.000449898795536896e+01
1.000449898795536896e+01
1.000449898795536896e+01
1.000449898795536896e+01
1.000449898795536896e+01
1.000449898795537074e+01
1.000449898795536896e+01
1.000449898795536896e+01
1.000449898795536896e+01
1.000449898795536896e+01
1.000449898795536896e+01
1.000449898795536896e+01
1.000449898795536896e+01
1.000449898795536896e+01
1.000449898795536896e+01
1.000449898795536896e+01
1.000449898795536896e+01
1.000449898795536896e+01
1.000449898795536896e+01
1.000449898795536896e+01
1.000418779001046587e+01
1.000880413978764061e+01
1.004837384163341341e+01
1.004987562074414953e+01
1.003717331284925862e+01
1.032753198004561135e+01
1.094636909247125800e+01
1.156509439177180454e+01
1.162665488304392092e+01
1.166189968064837146e+01
1.166190379070418714e+01
1.166190379070829586e+01
1.166190364785149214e+01
1.166118950499505580e+01
1.166118963024045740e+01
1.166208162332687337e+01
1.014078098513639148e+01
1.000000000000000000e+01
1.000000000000000000e+01
1.000000000000000000e+01
1.000000000000000000e+01
1.000000000000000000e+01
1.000000000000000000e+01
1.000000000000000000e+01
1.000000000000000000e+01
1.000000000000000000e+01
1.000000000000000000e+01
1.000000000000000000e+01
1.000000000000000000e+01
1.000000000000000000e+01
1.000000000000000000e+01
1.000000000000000000e+01
1.000000000000000000e+01
1.000000000000000000e+01
1.000000000000000000e+01
1.000000000000000000e+01
1.000000000000000000e+01
1.000000000000000000e+01
1.000000000000000000e+01
1.000000000000000000e+01
1.000000000000000000e+01
1.000000000000000000e+01
1.000000000000000000e+01
1.000000000000000000e+01
1.000000000000000000e+01
1.000000000000000000e+01
1.000000000000000000e+01
1.000000000000000000e+01
1.000000000000000000e+01
1.000000000000000000e+01
1.000000000000000000e+01
1.000000000000000000e+01
1.000000000000000000e+01
1.000000000000000000e+01
1.000000000000000000e+01
1.000000000000000000e+01
1.000000000000000000e+01
1.000000000000000000e+01
1.000000000000000000e+01
1.000000000000000000e+01
1.000000000000000000e+01
1.000000000000000000e+01
1.000000000000000000e+01
1.000000000000000000e+01
